C        -5.35752269      9.27950150      0.00000000
C        -3.38369854      7.81431706      0.00000000
C        -1.12789951      8.79110669      0.00000000
C        -1.40987439      6.34913261      0.00000000
C         0.84592464      7.32592224      0.00000000
C         3.10172366      8.30271187      0.00000000
C        -1.69184927      3.90715853      0.00000000
C         0.56394976      4.88394816      0.00000000
C         2.81974879      5.86073779      0.00000000
C         5.07554781      6.83752742      0.00000000
C         0.28197488      2.44197408      0.00000000
C         2.53777391      3.41876371      0.00000000
C         4.79357293      4.39555334      0.00000000
C         7.04937196      5.37234298      0.00000000
C         2.25579903      0.97678963      0.00000000
C         4.51159806      1.95357926      0.00000000
C         6.76739708      2.93036890      0.00000000
C         6.48542221      0.48839482      0.00000000
C         8.74122123      1.46518445      0.00000000
C        -3.94764830      9.11670323      0.00000000
C        -1.97382415      7.65151878      0.00000000
C         0.28197488      8.62830842      0.00000000
C        -2.25579903      5.20954470      0.00000000
C        -0.00000000      6.18633434      0.00000000
C         2.25579903      7.16312397      0.00000000
C         4.51159806      8.13991360      0.00000000
C        -0.28197488      3.74436026      0.00000000
C         1.97382415      4.72114989      0.00000000
C         4.22962318      5.69793952      0.00000000
C         6.48542221      6.67472915      0.00000000
C        -0.56394976      1.30238618      0.00000000
C         1.69184927      2.27917581      0.00000000
C         3.94764830      3.25596544      0.00000000
C         6.20344733      4.23275507      0.00000000
C         3.66567342      0.81399136      0.00000000
C         5.92147245      1.79078099      0.00000000
C         8.17727148      2.76757062      0.00000000
C         7.89529660      0.32559654      0.00000000
C        -5.35752269      9.27950150      3.45000000
C        -3.10172366      8.30271187      3.45000000
C        -2.81974879      5.86073779      3.45000000
C        -0.84592464      7.32592224      3.45000000
C         1.12789951      8.79110669      3.45000000
C        -0.56394976      4.88394816      3.45000000
C         1.40987439      6.34913261      3.45000000
C         3.38369854      7.81431706      3.45000000
C        -0.28197488      2.44197408      3.45000000
C         1.69184927      3.90715853      3.45000000
C         3.66567342      5.37234298      3.45000000
C         5.63949757      6.83752742      3.45000000
C         1.97382415      1.46518445      3.45000000
C         3.94764830      2.93036890      3.45000000
C         5.92147245      4.39555334      3.45000000
C         4.22962318      0.48839482      3.45000000
C         6.20344733      1.95357926      3.45000000
C         8.17727148      3.41876371      3.45000000
C         8.45924636      0.97678963      3.45000000
C        -3.66567342      7.00032570      3.45000000
C        -1.69184927      8.46551014      3.45000000
C        -1.40987439      6.02353606      3.45000000
C         0.56394976      7.48872051      3.45000000
C         2.53777391      8.95390496      3.45000000
C        -1.12789951      3.58156198      3.45000000
C         0.84592464      5.04674643      3.45000000
C         2.81974879      6.51193088      3.45000000
C         4.79357293      7.97711533      3.45000000
C         1.12789951      2.60477235      3.45000000
C         3.10172366      4.06995680      3.45000000
C         5.07554781      5.53514125      3.45000000
C         1.40987439      0.16279827      3.45000000
C         3.38369854      1.62798272      3.45000000
C         5.35752269      3.09316717      3.45000000
C         7.33134684      4.55835162      3.45000000
C         5.63949757      0.65119309      3.45000000
C         7.61332172      2.11637754      3.45000000
C         9.86912075      1.13958790      3.45000000